0.214655
15
11
6
18
11
11
3
5
4
10
10
12
0.198082
15
15
9
30
16
4
-13
-7
1
3
2
2
0.086918
13
8
6
9
10
13
3
-4
-8
3
5
7
0.077557
15
15
9
21
13
10
-5
-3
-2
4
4
5
0.060809
15
9
4
17
9
6
-1
0
-1
4
4
5
0.057522
15
15
15
14
8
5
9
9
10
11
11
14
0.039918
11
11
14
16
14
14
-7
-8
-8
3
2
2
0.035274
4
4
5
7
-1
-2
16
15
10
15
15
9
0.031525
14
12
12
19
12
10
5
8
-1
15
9
4
0.030647
14
12
12
19
16
16
-9
-8
-9
3
2
2
0.024785
3
2
2
2
1
2
4
3
2
10
7
6
0.017421
10
10
12
11
13
15
7
-1
-2
15
9
4
0.014801
7
5
5
8
8
8
-2
-4
-4
2
3
4
0.014492
15
11
6
20
12
11
1
2
0
6
3
2
0.014363
15
15
15
18
18
14
6
7
0
15
14
8
0.014363
15
14
8
18
19
9
6
5
8
15
15
15
0.013913
6
3
2
4
6
8
2
-4
-6
4
6
8
0.012998
15
12
11
17
12
8
6
3
4
10
6
4
0.012445
12
7
4
11
10
8
4
5
8
10
10
12
0.010478
14
12
12
13
12
12
6
4
5
11
8
7
0.007161
15
15
9
18
15
10
6
2
5
15
12
11
0.005077
4
6
7
4
0
-1
1
3
3
3
2
2
0.004795
15
15
15
5
7
9
17
14
12
2
4
6
