0.185398
7
4
9
17
4
4
1
0
1
14
9
2
0.103625
13
8
2
-2
-7
1
7
4
2
4
2
5
0.069480
2
0
0
3
1
1
3
0
2
5
2
3
0.054518
10
6
9
-1
-4
-6
5
3
4
3
1
1
0.050754
14
11
7
11
6
8
5
0
5
5
3
7
0.046807
14
13
7
9
4
4
3
0
3
6
4
10
0.045526
7
4
8
2
1
5
2
-1
-1
2
0
0
0.045105
3
1
1
3
2
1
2
-1
1
10
3
3
0.043477
5
3
7
7
3
5
5
0
1
5
3
2
0.040255
14
12
11
12
9
4
14
4
4
11
4
7
0.032554
12
8
5
-1
-3
-2
4
2
0
2
0
0
0.028636
14
9
2
5
2
4
5
2
3
6
4
10
0.028558
11
5
1
11
7
3
8
5
6
11
7
8
0.024372
10
4
8
10
5
6
0
-4
-1
14
11
10
0.023861
14
12
11
-2
-5
-3
9
5
7
6
4
10
0.023049
3
1
1
3
1
0
4
0
2
4
2
5
0.021542
14
10
3
11
5
-1
11
8
7
12
8
5
0.018380
13
11
8
-7
-11
-5
8
7
4
3
1
1
0.015997
12
5
1
-5
-3
-1
6
2
1
2
0
0
0.014817
11
7
11
11
5
-2
13
10
10
14
11
7
0.011683
13
7
6
12
7
3
12
3
7
8
4
9
0.011621
13
8
2
-5
-5
0
6
4
2
3
1
1
0.010913
11
6
3
3
1
1
5
2
4
5
2
3
0.009338
11
4
7
11
3
5
10
7
7
5
4
3
0.007904
10
6
4
8
6
3
11
3
8
7
5
9
0.006518
14
11
10
10
4
1
3
1
1
5
2
1
0.006245
13
10
4
7
1
0
8
4
6
8
3
5
0.005694
5
4
3
12
3
5
9
3
3
10
3
3
0.004295
4
2
2
2
1
0
4
2
4
14
12
11
0.003829
11
7
8
9
4
5
10
3
3
10
3
3
0.003816
6
4
10
3
3
7
6
2
8
10
4
8
0.001432
14
12
11
13
11
13
10
7
7
11
7
8
