0.185906
15
12
10
5
9
12
12
7
0
5
7
9
0.142178
6
11
5
9
1
14
0
9
-8
7
4
8
0.051985
15
15
15
20
9
14
2
22
12
13
4
9
0.050600
4
7
9
15
16
11
6
5
8
15
15
15
0.049229
6
11
9
12
3
5
-2
10
6
9
4
4
0.032781
13
13
12
17
8
7
1
17
18
13
5
4
0.028657
13
4
9
15
23
13
3
-3
8
13
13
8
0.026842
15
9
1
15
9
-1
5
10
14
15
13
11
0.020492
12
9
7
3
2
4
6
8
3
2
3
5
0.018695
14
5
5
-2
6
6
9
2
2
3
5
5
0.018093
6
3
7
5
5
-2
6
6
10
8
8
7
0.017550
10
12
11
10
15
14
7
3
2
4
9
8
0.017415
15
9
1
7
12
15
6
3
-1
9
9
8
0.016048
7
7
6
9
8
7
-2
-1
-1
2
2
2
0.013814
15
13
11
21
15
17
0
8
-2
14
6
12
0.012268
14
8
10
13
10
13
8
6
-4
2
8
9
0.010678
14
5
8
2
12
11
12
2
1
4
7
9
0.010662
2
2
2
0
1
1
10
11
11
10
12
11
0.009826
3
9
11
4
2
2
-1
2
1
8
5
10
0.009345
14
4
4
18
5
7
-13
1
-3
11
3
6
0.009300
12
5
9
10
11
3
2
0
7
11
8
3
0.009277
15
13
11
10
5
5
10
11
7
9
3
3
0.008956
13
7
2
4
-1
7
-2
5
-2
11
3
6
0.008897
14
8
10
9
11
4
-1
-1
5
9
5
3
0.008468
2
2
2
0
-1
-1
4
5
6
6
11
9
0.007956
12
13
7
-1
11
14
11
7
-4
4
9
11
0.007907
15
9
1
4
3
3
5
1
2
2
3
5
0.007644
15
9
1
11
8
10
3
6
-1
14
7
9
0.006991
7
3
9
11
6
1
-8
-3
4
10
5
2
0.006971
5
2
5
7
4
0
-4
1
5
9
3
2
0.006966
8
5
3
9
7
12
-2
0
-8
8
5
10
0.005870
15
15
15
14
23
33
11
-3
-23
12
7
2
0.005617
2
2
2
-1
-2
-6
5
7
15
6
11
5
0.005550
6
11
5
11
17
16
-5
-3
-6
9
9
11
0.005164
14
7
9
11
18
16
12
-2
-11
15
9
1
0.004889
10
3
6
-5
10
8
9
-7
-7
2
8
10
0.004646
15
9
1
21
15
1
-1
-5
5
10
8
9
0.004345
12
3
4
12
4
5
3
10
3
13
12
7
0.004324
15
9
1
-10
-5
3
10
7
0
2
2
2
0.004151
2
2
2
11
6
5
-16
-5
-5
13
5
5
0.004088
6
11
5
12
7
5
2
2
4
13
5
4
0.003962
2
3
5
12
11
7
1
1
3
8
8
7
0.003930
6
11
5
7
18
7
4
-7
3
10
6
2
0.003785
15
15
15
20
20
21
-7
-1
-10
4
10
10
0.003747
14
4
4
-8
0
1
9
2
2
2
2
2
0.003665
14
4
4
8
-1
8
10
10
-5
15
9
1
0.003642
14
4
4
22
4
7
-6
3
-3
12
6
10
0.003578
14
14
14
18
21
18
3
2
6
9
3
2
0.003542
13
7
2
17
-1
8
3
11
1
14
6
12
0.003502
6
11
9
7
4
7
2
7
4
6
3
4
0.003137
14
5
5
8
8
9
11
3
-5
2
8
9
0.003082
14
5
5
17
9
4
-4
1
6
11
8
3
0.002867
12
13
7
19
7
4
-6
4
7
13
7
2
0.002793
9
6
10
22
8
10
-2
11
5
13
10
5
0.002792
2
2
2
6
2
2
-6
1
1
6
2
2
0.002666
14
4
9
12
11
1
-3
-4
7
10
6
2
0.002660
15
9
1
10
4
5
-5
0
-2
7
3
7
0.002591
7
3
9
3
8
4
6
0
1
4
7
9
0.002497
4
7
9
6
9
12
-2
-1
-4
8
2
7
0.002485
10
12
11
11
11
11
4
13
10
12
3
4
0.002460
7
3
9
9
4
3
-6
1
1
12
3
4
0.002358
6
11
5
-3
9
3
22
13
16
15
15
15
0.002318
15
9
1
25
12
3
-10
-1
1
14
6
11
0.002237
7
3
9
13
21
14
-2
-2
1
6
11
9
0.002130
2
3
5
9
2
4
-2
4
2
6
2
2
0.002008
13
7
2
27
10
9
-11
-8
4
9
6
10
0.001943
10
12
11
8
13
17
9
9
3
13
7
1
0.001907
14
8
10
20
12
13
-4
-5
-3
10
4
2
0.001896
15
9
1
18
15
-2
5
-7
9
7
4
10
0.001772
14
5
5
7
8
11
6
5
2
7
8
9
0.001763
15
9
1
15
12
3
4
3
9
14
11
9
0.001737
11
5
4
4
3
6
1
3
2
2
3
5
0.001687
6
11
5
10
16
2
-2
-2
8
4
7
9
0.001484
15
9
1
19
16
-2
3
-9
6
13
9
10
0.001447
14
6
11
16
8
2
7
-1
4
14
4
4
0.001425
4
2
3
14
5
7
-16
-3
-5
14
4
8
0.001405
12
13
7
11
9
6
6
5
7
13
5
4
0.001383
15
9
1
28
16
0
-13
-7
3
12
3
4
0.001380
14
5
5
16
11
8
4
4
4
14
11
9
0.001371
14
5
5
23
10
7
-9
-6
1
11
6
2
0.001371
12
9
7
14
14
8
9
1
5
7
3
9
0.001287
6
11
5
14
6
10
-2
4
0
10
7
9
0.001281
2
7
9
11
12
10
-1
2
2
6
7
9
0.001251
7
2
7
14
11
3
6
-4
7
13
7
2
0.001217
13
10
8
20
9
10
-3
6
0
6
11
5
0.001022
2
3
5
7
6
9
4
2
-1
12
3
4
0.001003
9
6
10
4
1
14
8
3
-1
7
3
3
0.000995
15
9
1
19
6
-1
-2
12
10
13
12
7
0.000960
15
9
1
19
8
3
-3
9
1
2
8
9
0.000866
4
7
9
6
8
9
12
0
0
13
5
4
0.000827
14
4
4
17
4
6
5
2
0
8
9
5
0.000690
3
9
11
3
1
-2
-1
7
9
14
4
8
0.000689
12
4
8
8
13
7
2
-8
1
11
6
2
0.000678
7
3
9
0
1
10
19
5
3
7
9
11
0.000672
14
5
9
16
14
11
6
-3
2
10
8
10
0.000660
4
7
9
7
8
8
5
0
2
10
4
2
0.000635
14
6
12
1
6
7
3
0
-1
2
6
7
0.000590
15
13
11
19
17
12
2
-1
3
9
2
6
0.000587
11
11
6
7
10
6
5
8
0
2
6
7
0.000576
12
4
8
6
7
4
9
4
4
11
5
4
0.000534
10
12
11
16
17
18
-2
-1
-4
11
7
9
0.000505
11
11
6
15
15
12
5
4
0
13
6
11
0.000445
14
6
12
11
7
7
-2
-5
6
9
6
10
0.000438
7
3
9
5
2
11
11
6
-1
10
4
4
0.000412
13
13
8
17
15
9
-6
2
0
6
11
5
0.000389
13
6
11
18
9
9
-2
-2
4
8
2
6
0.000381
11
10
12
11
18
12
8
-10
1
13
7
2
0.000376
14
11
9
17
20
12
7
-7
2
10
8
10
0.000346
14
7
9
16
9
11
9
-3
3
9
3
6
0.000135
13
3
8
14
4
8
-2
1
-3
7
3
3
0.000107
11
10
12
14
10
13
5
8
4
7
8
11
