0
1
2
0.287758
1
1
2
0.287758
2
1
2
0.287758
3
1
3
0.040757
19
1
2
0.287758
275
1
3
0.040757
276
1
3
0.040757
292
1
2
0.287758
548
1
3
0.040757
293
1
2
0.287758
549
1
3
0.040757
838
1
2
0.287758
1094
1
3
0.040757
1112
1
5
0.012100
1128
1
5
0.012100
1640
1
3
0.040757
857
1
5
0.012100
1113
1
1
0.637873
1129
1
5
0.012100
1401
1
5
0.012100
842
1
5
0.012100
1402
1
5
0.012100
1658
1
5
0.012100
1930
1
4
0.021511
843
1
5
0.012100
859
1
4
0.021511
1131
1
4
0.021511
1403
1
4
0.021511
1675
1
5
0.012100
1931
1
4
0.021511
2203
1
4
0.021511
2459
1
1
0.637873
1676
1
5
0.012100
1932
1
5
0.012100
2476
1
4
0.021511
3276
1
1
0.637873
3405
1
32532
-402429711482880.000000
861
1
32532
-402386661146624.000000
3437
1
32532
-404718123745280.000000
381
1
32532
-403087814557696.000000
893
1
32532
-470006861135872.000000
1405
1
32532
-801819197440.000000
1661
1
1
0.000000
2173
1
32764
-0.000000
2685
1
32764
-0.000000
2941
1
32532
-403058286657536.000000
3453
1
3
nan
3709
1
32764
-0.000000
3965
1
32532
-402419141836800.000000
141
1
32764
-0.000000
397
1
32532
-403058286657536.000000
909
1
3
nan
1165
1
32764
-0.000000
1421
1
32532
-402419141836800.000000
1677
1
32764
-0.000000
1933
1
32532
-243830751232.000000
2189
1
32764
-0.000000
2445
1
32532
-470006861135872.000000
2701
1
32764
-0.000000
2957
1
32532
-801819197440.000000
3213
1
32532
-476789688238080.000000
3469
1
3
0.000000
3981
1
32532
-243810959360.000000
413
1
32764
-0.000000
1949
1
5
0.012100
429
1
32532
-403812959387648.000000
941
1
32532
-209037197312.000000
1453
1
32532
-402670162542592.000000
1709
1
32532
-470221341065216.000000
2221
1
32532
-476641511866368.000000
2477
1
1
0.000000
2989
1
32532
-402678953803776.000000
3245
1
32532
0.000000
3501
1
32764
-0.000000
4013
1
1
0.000000
701
1
32764
-0.000000
957
1
32532
-475176357593088.000000
1213
1
32532
0.000000
1981
1
32532
-470247916175360.000000
2237
1
32764
-0.000000
2493
1
32532
-470006861135872.000000
2749
1
4
0.021511
3261
1
65794
13073.374023
3773
1
1
0.000000
717
1
3670080
0.000000
973
1
1703963
0.000000
1229
1
5
0.000000
3021
1
6
0.000000
733
1
6
0.000000
2525
1
4
0.000000
237
1
4
18070117044071811776512.000000
2029
1
6
18070118169971718619136.000000
3821
1
1
0.637873
1533
1
20
0.000000
1789
1
5590599
0.000000
2301
1
1405502795
-0.000000
2813
1
34
0.000000
3069
1
8
0.000000
3325
1
174342144
-0.000000
3837
1
251662472
-0.000000
4093
1
1180828673
698882736402311258813283434496.000000
526
1
37
0.000000
782
1
40
0.000000
1038
1
43
0.000000
1294
1
44
0.000000
1550
1
47
0.000000
1806
1
48
0.000000
2062
1
52
0.000000
2318
1
56
0.000000
2574
1
60
0.000000
3086
1
63
0.000000
3342
1
66
0.000000
3598
1
70
0.000000
286
1
73
0.000000
798
1
888522185
0.000000
1054
1
250598379
0.019906
1822
1
1582321106
39244104017148946913403246477312.000000
2590
1
676988830
876045785035177984.000000
2846
1
1579949265
101558581932851200.000000
3358
1
598718146
-2211661755392820234298589184.000000
3870
1
32764
-0.000000
46
1
32764
-0.000000
558
1
32764
-0.000000
814
1
32532
-469766342967296.000000
1070
1
32532
-209037197312.000000
1326
1
32532
-403297496203264.000000
1838
1
32532
-403657803694080.000000
2094
1
32764
-0.000000
2350
1
32532
-476775729594368.000000
2862
1
32764
-0.000000
3118
1
32764
-0.000000
3374
1
32764
-0.000000
3630
1
32532
-403295818481664.000000
3886
1
32764
-0.000000
318
1
32764
-0.000000
574
1
32764
-0.000000
830
1
32764
-0.000000
1086
1
32764
-0.000000
2110
1
32764
-0.000000
2366
1
32532
-469766342967296.000000
2622
1
32532
-209037197312.000000
3390
1
32764
-0.000000
3646
1
32764
-0.000000
3902
1
32532
-405114904903680.000000
78
1
32532
-801819197440.000000
334
1
32532
-469833720266752.000000
846
1
32764
-0.000000
1102
1
32532
-469827277815808.000000
1358
1
32532
-403398327271424.000000
1614
1
65537
0.000000
1870
1
65537
0.000000
2126
1
65537
0.000000
2382
1
65537
0.000000
2638
1
65537
0.000000
2894
1
65537
0.000000
3150
1
65537
0.000000
3406
1
65537
0.000000
3662
1
65537
0.000000
3918
1
1
0.000000
94
1
32764
0.000000
350
1
32532
-469766342967296.000000
862
1
32532
-1098965319680.000000
1118
1
32532
-955858812928.000000
1374
1
32532
-403357726408704.000000
1630
1
32764
0.000000
1886
1
32532
-469946463158272.000000
2142
1
32764
-0.000000
2654
1
32532
-3166231855104.000000
2910
1
32532
-403357726408704.000000
3166
1
32764
0.000000
3422
1
32532
-469903781920768.000000
3678
1
32764
-0.000000
110
1
32532
-3166215077888.000000
366
1
32532
-403357726408704.000000
878
1
32532
-470126851784704.000000
1134
1
32764
-0.000000
1646
1
32532
-3166210883584.000000
1902
1
32532
-403357726408704.000000
2414
1
32532
-470083902111744.000000
2670
1
32764
-0.000000
3182
1
32532
-3166206689280.000000
3438
1
32532
-403357726408704.000000
3950
1
32532
-470041220874240.000000
126
1
32764
-0.000000
638
1
32532
-3166202494976.000000
894
1
32532
-403357726408704.000000
1150
1
32532
-471499899142144.000000
1662
1
32532
-471499899142144.000000
2174
1
32532
-470083902111744.000000
2430
1
32532
-470362001244160.000000
2686
1
32532
-471059664994304.000000
2942
1
32532
-471003293548544.000000
3198
1
32532
-471499899142144.000000
3710
1
32532
-471003293548544.000000
3966
1
32532
-471499899142144.000000
398
1
32764
-0.000000
654
1
32764
-0.000000
910
1
32764
-0.000000
1166
1
32764
-0.000000
2190
1
32764
-0.000000
2446
1
32532
-470464812023808.000000
2702
1
32532
-3171855892480.000000
3726
1
32764
-0.000000
3982
1
32532
-470678218211328.000000
158
1
32532
-3733583036416.000000
1182
1
32764
-0.000000
1438
1
32532
-470635536973824.000000
1694
1
32532
-4462280179712.000000
2718
1
32764
-0.000000
2974
1
32532
-470635536973824.000000
3230
1
32532
-4462272839680.000000
3486
1
32532
-3729071800320.000000
3742
1
32532
-470313145991168.000000
3998
1
32532
-403365947244544.000000
174
1
32764
0.000000
430
1
32532
-470268048834560.000000
686
1
32764
-0.000000
942
1
32532
-5939784581120.000000
1198
1
32532
-4429956775936.000000
1454
1
32532
-403357726408704.000000
1710
1
32764
0.000000
1966
1
32532
-470221341065216.000000
2222
1
32764
-0.000000
2734
1
32532
-5939558088704.000000
2990
1
32532
-403357726408704.000000
3246
1
32764
0.000000
3502
1
32532
-470178659827712.000000
3758
1
32764
-0.000000
190
1
32532
-5939549700096.000000
446
1
32532
-403357726408704.000000
702
1
32764
0.000000
958
1
32532
-470409514319872.000000
1214
1
32764
-0.000000
1470
1
32532
-7170007498752.000000
1726
1
32532
-5939532922880.000000
1982
1
32532
-403357726408704.000000
2238
1
32764
0.000000
2494
1
32532
-470362001244160.000000
2750
1
32764
-0.000000
3262
1
32532
-7169772617728.000000
3518
1
32532
-403357726408704.000000
3774
1
32764
0.000000
4030
1
32532
-470319051571200.000000
206
1
32764
-0.000000
718
1
32532
-7169764229120.000000
974
1
32532
-403357726408704.000000
1230
1
32764
0.000000
1486
1
32532
-470550174498816.000000
1742
1
32764
-0.000000
2254
1
32532
-7169747451904.000000
2510
1
32532
-403357726408704.000000
2766
1
32764
0.000000
3022
1
32532
-470507761696768.000000
3278
1
1
0.637873
3790
1
32532
-7169739063296.000000
4046
1
32532
-403357726408704.000000
222
1
32764
0.000000
478
1
32532
-470464812023808.000000
734
1
32764
-0.000000
990
1
32532
-8331871649792.000000
1246
1
32532
-7169730674688.000000
1502
1
32532
-403357726408704.000000
1758
1
32764
0.000000
2014
1
32532
-470678218211328.000000
2270
1
32764
-0.000000
2782
1
32532
-35189975678976.000000
3038
1
32532
-403357726408704.000000
3294
1
1
0.637873
3550
1
1
0.637873
3806
1
32764
-0.000000
238
1
32532
-35189908570112.000000
494
1
32532
-403357726408704.000000
750
1
71833616
0.000000
1006
1
32532
-470592587300864.000000
1262
1
32764
-0.000000
1774
1
32532
-35189841461248.000000
2030
1
32532
-403357726408704.000000
2286
1
169514128
0.000000
2542
1
32532
-470823978663936.000000
2798
1
32764
-0.000000
3054
1
238133505
0.000000
3310
1
32532
-35189774352384.000000
3566
1
32532
-403357726408704.000000
3822
1
1
0.637873
4078
1
32532
-470781028990976.000000
254
1
32764
-0.000000
510
1
32532
-471183413739520.000000
766
1
32532
-35189640134656.000000
1022
1
32532
-403357726408704.000000
1278
1
32532
-470507761696768.000000
1534
1
32532
-470319051571200.000000
1790
1
32532
-470362001244160.000000
2046
1
32532
-471003293548544.000000
2302
1
32532
-471499899142144.000000
3070
1
32532
-471499899142144.000000
3582
1
32764
-0.000000
4094
1
1
0.637873
15
1
32764
-0.000000
271
1
32764
-0.000000
527
1
32764
-0.000000
1551
1
32764
-0.000000
1807
1
32532
-471183413739520.000000
2063
1
32532
-35341121617920.000000
3087
1
32764
-0.000000
3343
1
32532
-471363802365952.000000
3599
1
32532
-54323832684544.000000
543
1
32764
-0.000000
799
1
32532
-471363802365952.000000
1055
1
32532
-54323761381376.000000
2079
1
32764
-0.000000
2335
1
32532
-471363802365952.000000
2591
1
32532
-54323677495296.000000
2847
1
32532
-45232615849984.000000
3103
1
32532
-470777807765504.000000
3359
1
32532
-403365947244544.000000
3615
1
32764
0.000000
3871
1
32532
-470728415641600.000000
47
1
32764
-0.000000
559
1
32532
-66379927519232.000000
815
1
32532
-403357726408704.000000
1071
1
32764
0.000000
1327
1
32532
-470952022376448.000000
1583
1
32764
-0.000000
2095
1
32532
-66379860410368.000000
2351
1
32532
-403357726408704.000000
2607
1
32764
0.000000
2863
1
32532
-470909072703488.000000
3119
1
32764
-0.000000
3631
1
32532
-66379793301504.000000
3887
1
32532
-403357726408704.000000
63
1
32764
0.000000
319
1
32532
-470865854595072.000000
575
1
32764
-0.000000
831
1
32532
-95888097673216.000000
1087
1
32532
-66379659083776.000000
1343
1
32532
-403357726408704.000000
1599
1
32764
0.000000
1855
1
32532
-471059664994304.000000
2111
1
32764
-0.000000
2367
1
32532
-117027591159808.000000
2623
1
32532
-95884473794560.000000
2879
1
32532
-403357726408704.000000
3135
1
32764
0.000000
3391
1
32532
-476723921551360.000000
3647
1
32764
-0.000000
3903
1
32532
-401133839319040.000000
79
1
32532
-321376028196864.000000
335
1
32532
-403357726408704.000000
591
1
32764
0.000000
847
1
32532
-471003293548544.000000
1103
1
32764
-0.000000
1615
1
32532
-401119343804416.000000
1871
1
32532
-403357726408704.000000
2127
1
32764
0.000000
2383
1
32532
-471226631847936.000000
2639
1
32764
-0.000000
3151
1
32532
-401118806933504.000000
3407
1
32532
-403357726408704.000000
3663
1
32764
0.000000
3919
1
32532
-471183413739520.000000
95
1
32764
-0.000000
607
1
32532
-401118270062592.000000
863
1
32532
-403357726408704.000000
1119
1
32764
0.000000
1375
1
32532
-471140732502016.000000
1631
1
32764
-0.000000
2143
1
32532
-401117733191680.000000
2399
1
32532
-403357726408704.000000
2655
1
9192901
0.000000
2911
1
32532
-402821627248640.000000
3167
1
32764
-0.000000
3935
1
32532
-402821627248640.000000
111
1
32532
-469838015234048.000000
367
1
32532
-402821627248640.000000
1647
1
32532
-469838015234048.000000
1903
1
32532
-402903030300672.000000
2159
1
32764
-0.000000
2415
1
32764
-0.000000
2671
1
32532
-117401119096832.000000
2927
1
32764
-0.000000
3183
1
32532
-117820281061376.000000
3695
1
32764
-0.000000
3951
1
32532
-402821627248640.000000
383
1
32532
-469653868511232.000000
639
1
32532
-471499899142144.000000
895
1
32532
-252026600554496.000000
1151
1
32532
-117848466784256.000000
1407
1
32532
-250433100578816.000000
1663
1
1
0.000000
1919
1
1
0.000000
2431
1
32764
-0.000000
2687
1
32764
-0.000000
2943
1
32532
-469653868511232.000000
3455
1
32532
-476481524334592.000000
3711
1
32532
-476452801740800.000000
3967
1
32532
-402915747430400.000000
399
1
32532
-469653868511232.000000
655
1
32532
0.000000
1167
1
32532
0.000000
1423
1
32532
-402821627248640.000000
2703
1
32532
-469838015234048.000000
2959
1
32532
-402903030300672.000000
3471
1
32764
-0.000000
3727
1
32532
-250396459139072.000000
3983
1
32764
-0.000000
159
1
32532
-251419600879616.000000
671
1
32764
-0.000000
927
1
32764
-0.000000
1439
1
32532
-402821627248640.000000
1695
1
32532
-476452801740800.000000
2719
1
32532
-469838015234048.000000
2975
1
32532
-402903030300672.000000
3231
1
32532
-251942244712448.000000
3487
1
32764
-0.000000
3743
1
32532
-250396459139072.000000
3999
1
32764
-0.000000
175
1
32532
-251722396073984.000000
687
1
32764
-0.000000
943
1
32532
-402915747430400.000000
1455
1
32532
-469850094829568.000000
1711
1
32532
-476452801740800.000000
2223
1
32532
-251942244712448.000000
2735
1
1
0.000000
2991
1
1
0.000000
3503
1
32764
-0.000000
3759
1
32764
-0.000000
4015
1
32532
-469850094821
9568.000000
447
1
32532
-476819753009152.000000
703
1
32532
-476791030415360.000000
959
1
32532
-402915747430400.000000
1471
1
32532
-469850094829568.000000
1727
1
32532
0.000000
2495
1
32532
-476791030415360.000000
2751
1
32532
-251068487303168.000000
3007
1
32532
-476452801740800.000000
3519
1
32532
-320779833049088.000000
4031
1
32532
-476819753009152.000000
207
1
32764
-0.000000
463
1
32764
-0.000000
1487
1
32532
-324296740175872.000000
1743
1
32532
-251722396073984.000000
1999
1
32532
-476452801740800.000000
2511
1
32532
-321155105816576.000000
2767
1
32532
-320779833049088.000000
3023
1
32532
-324219564982272.000000
3279
1
32532
-321052026601472.000000
3535
1
32532
-256400018112512.000000
3791
1
32532
-324375257546752.000000
4047
1
32764
-0.000000
223
1
32532
-324375257546752.000000
735
1
16
0.000000
1503
1
32764
-0.000000
1759
1
32764
-0.000000
2271
1
32764
-0.000000
2783
1
32764
-0.000000
3295
1
32532
-320779833049088.000000
3807
1
32764
-0.000000
751
1
32764
-0.000000
2031
1
32532
-119341781614592.000000
2543
1
32764
-0.000000
511
1
1
0.000000
2047
1
32532
-119341781614592.000000
3327
1
32764
0.000000
0
1
2
0.287758
1
1
2
0.287758
2
1
2
0.287758
3
1
3
0.040757
19
1
2
0.287758
275
1
3
0.040757
276
1
3
0.040757
292
1
2
0.287758
548
1
3
0.040757
293
1
2
0.287758
549
1
3
0.040757
838
1
2
0.287758
1094
1
3
0.040757
1112
1
5
0.012100
1128
1
5
0.012100
1640
1
3
0.040757
857
1
5
0.012100
1113
1
1
0.637873
1129
1
5
0.012100
1401
1
5
0.012100
842
1
5
0.012100
1402
1
5
0.012100
1658
1
5
0.012100
1930
1
4
0.021511
843
1
5
0.012100
859
1
4
0.021511
1131
1
4
0.021511
1403
1
4
0.021511
1675
1
5
0.012100
1931
1
4
0.021511
2203
1
4
0.021511
2459
1
1
0.637873
1676
1
5
0.012100
1932
1
5
0.012100
2476
1
4
0.021511
3276
1
1
0.637873
3405
1
32602
-0.000000
861
1
32602
-0.000000
3437
1
32602
-0.000000
381
1
32602
-0.000000
893
1
32602
-0.000000
1405
1
32602
nan
1661
1
1
0.000000
2173
1
32764
-0.000004
2685
1
32764
-0.000004
2941
1
32602
-0.000000
3453
1
3
nan
3709
1
32764
-0.000004
3965
1
32602
-0.000000
141
1
32764
-0.000004
397
1
32602
-0.000000
909
1
3
nan
1165
1
32764
-0.000004
1421
1
32602
-0.000000
1677
1
32764
-0.000004
1933
1
32602
157237757859541282828017149814736158720.000000
2189
1
32764
-0.000004
2445
1
32602
-0.000000
2701
1
32764
-0.000004
2957
1
32602
nan
3213
1
32602
-0.000000
3469
1
3
0.000000
3981
1
32602
157225507284140677219081085674959405056.000000
413
1
32764
-0.000004
1949
1
5
0.012100
429
1
32602
-0.000000
941
1
32602
135701591106239884396813599190475079680.000000
1453
1
32602
-0.000000
1709
1
32602
-0.000000
2221
1
32602
-0.000000
2477
1
1
0.000000
2989
1
32602
-0.000000
3245
1
32602
0.000000
3501
1
32764
-0.000004
4013
1
1
0.000000
701
1
32764
-0.000004
957
1
32602
-0.000000
1213
1
32602
0.000000
1981
1
32602
-0.000000
2237
1
32764
-0.000004
2493
1
32602
-0.000000
2749
1
4
0.021511
3261
1
65794
13073.374023
3773
1
1
0.000000
717
1
3670080
0.000000
973
1
1703963
0.000000
1229
1
5
0.000000
3021
1
6
0.000000
733
1
6
0.000000
2525
1
4
0.000000
237
1
4
18070117044071811776512.000000
2029
1
6
18070118169971718619136.000000
3821
1
1
0.637873
1533
1
20
0.000000
1789
1
5590599
0.000000
2301
1
1405502795
-0.000000
2813
1
34
0.000000
3069
1
8
0.000000
3325
1
174342144
-0.000000
3837
1
251662472
-0.000000
4093
1
1180828673
698882736402311258813283434496.000000
526
1
37
0.000000
782
1
40
0.000000
1038
1
43
0.000000
1294
1
44
0.000000
1550
1
47
0.000000
1806
1
48
0.000000
2062
1
52
0.000000
2318
1
56
0.000000
2574
1
60
0.000000
3086
1
63
0.000000
3342
1
66
0.000000
3598
1
70
0.000000
286
1
73
0.000000
798
1
888522185
0.000000
1054
1
250598379
0.019906
1822
1
1582321106
39244104017148946913403246477312.000000
2590
1
676988830
876045785035177984.000000
2846
1
1579949265
101558581932851200.000000
3358
1
598718146
-2211661755392820234298589184.000000
3870
1
32764
-0.000004
46
1
32764
-0.000004
558
1
32764
-0.000004
814
1
32602
-0.000000
1070
1
32602
135701591106239884396813599190475079680.000000
1326
1
32602
-0.000000
1838
1
32602
-0.000000
2094
1
32764
-0.000004
2350
1
32602
-0.000000
2862
1
32764
-0.000004
3118
1
32764
-0.000004
3374
1
32764
-0.000004
3630
1
32602
-0.000000
3886
1
32764
-0.000004
318
1
32764
-0.000004
574
1
32764
-0.000004
830
1
32764
-0.000004
1086
1
32764
-0.000004
2110
1
32764
-0.000004
2366
1
32602
-0.000000
2622
1
32602
135701591106239884396813599190475079680.000000
3390
1
32764
-0.000004
3646
1
32764
-0.000004
3902
1
32602
-0.000000
78
1
32602
nan
334
1
32602
-0.000000
846
1
32764
-0.000004
1102
1
32602
-0.000000
1358
1
32602
-0.000000
1614
1
65537
0.000000
1870
1
65537
0.000000
2126
1
65537
0.000000
2382
1
65537
0.000000
2638
1
65537
0.000000
2894
1
65537
0.000000
3150
1
65537
0.000000
3406
1
65537
0.000000
3662
1
65537
0.000000
3918
1
1
0.000000
94
1
32764
0.000000
350
1
32602
-0.000000
862
1
32602
-0.000000
1118
1
32602
nan
1374
1
32602
-0.000000
1630
1
32764
0.000000
1886
1
32602
-0.000000
2142
1
32764
-0.000004
2654
1
32602
-0.000000
2910
1
32602
-0.000000
3166
1
32764
0.000000
3422
1
32602
-0.000000
3678
1
32764
-0.000004
110
1
32602
-0.000000
366
1
32602
-0.000000
878
1
32602
-0.000000
1134
1
32764
-0.000004
1646
1
32602
-0.000000
1902
1
32602
-0.000000
2414
1
32602
-0.000000
2670
1
32764
-0.000004
3182
1
32602
-0.000000
3438
1
32602
-0.000000
3950
1
32602
-0.000000
126
1
32764
-0.000004
638
1
32602
-0.000000
894
1
32602
-0.000000
1150
1
32602
-0.000000
1662
1
32602
-0.000000
2174
1
32602
-0.000000
2430
1
32602
-0.000000
2686
1
32602
-0.000000
2942
1
32602
-0.000000
3198
1
32602
-0.000000
3710
1
32602
-0.000000
3966
1
32602
-0.000000
398
1
32764
-0.000004
654
1
32764
-0.000004
910
1
32764
-0.000004
1166
1
32764
-0.000004
2190
1
32764
-0.000004
2446
1
32602
-0.000000
2702
1
32602
-0.000000
3726
1
32764
-0.000004
3982
1
32602
-0.000000
158
1
32602
-0.000000
1182
1
32764
-0.000004
1438
1
32602
-0.000000
1694
1
32602
-0.000000
2718
1
32764
-0.000004
2974
1
32602
-0.000000
3230
1
32602
-0.000000
3486
1
32602
-0.000000
3742
1
32602
-0.000000
3998
1
32602
-0.000000
174
1
32764
0.000000
430
1
32602
-0.000000
686
1
32764
-0.000004
942
1
32602
-0.000000
1198
1
32602
-0.000000
1454
1
32602
-0.000000
1710
1
32764
0.000000
1966
1
32602
-0.000000
2222
1
32764
-0.000004
2734
1
32602
-0.000000
2990
1
32602
-0.000000
3246
1
32764
0.000000
3502
1
32602
-0.000000
3758
1
32764
-0.000004
190
1
32602
-0.000000
446
1
32602
-0.000000
702
1
32764
0.000000
958
1
32602
-0.000000
1214
1
32764
-0.000004
1470
1
32602
-0.000000
1726
1
32602
-0.000000
1982
1
32602
-0.000000
2238
1
32764
0.000000
2494
1
32602
-0.000000
2750
1
32764
-0.000004
3262
1
32602
-0.000000
3518
1
32602
-0.000000
3774
1
32764
0.000000
4030
1
32602
-0.000000
206
1
32764
-0.000004
718
1
32602
-0.000000
974
1
32602
-0.000000
1230
1
32764
0.000000
1486
1
32602
-0.000000
1742
1
32764
-0.000004
2254
1
32602
-0.000000
2510
1
32602
-0.000000
2766
1
32764
0.000000
3022
1
32602
-0.000000
3278
1
1
0.637873
3790
1
32602
-0.000000
4046
1
32602
-0.000000
222
1
32764
0.000000
478
1
32602
-0.000000
734
1
32764
-0.000004
990
1
32602
-0.000000
1246
1
32602
-0.000000
1502
1
32602
-0.000000
1758
1
32764
0.000000
2014
1
32602
-0.000000
2270
1
32764
-0.000004
2782
1
32602
-0.000000
3038
1
32602
-0.000000
3294
1
1
0.637873
3550
1
1
0.637873
3806
1
32764
-0.000004
238
1
32602
-0.000000
494
1
32602
-0.000000
750
1
71833616
0.000000
1006
1
32602
-0.000000
1262
1
32764
-0.000004
1774
1
32602
-0.000000
2030
1
32602
-0.000000
2286
1
169514128
0.000000
2542
1
32602
-0.000000
2798
1
32764
-0.000004
3054
1
238133505
0.000000
3310
1
32602
-0.000000
3566
1
32602
-0.000000
3822
1
1
0.637873
4078
1
32602
-0.000000
254
1
32764
-0.000004
510
1
32602
-0.000000
766
1
32602
-0.000000
1022
1
32602
-0.000000
1278
1
32602
-0.000000
1534
1
32602
-0.000000
1790
1
32602
-0.000000
2046
1
32602
-0.000000
2302
1
32602
-0.000000
3070
1
32602
-0.000000
3582
1
32764
-0.000004
4094
1
1
0.637873
15
1
32764
-0.000004
271
1
32764
-0.000004
527
1
32764
-0.000004
1551
1
32764
-0.000004
1807
1
32602
-0.000000
2063
1
32602
-0.000000
3087
1
32764
-0.000004
3343
1
32602
-0.000000
3599
1
32602
-0.000000
543
1
32764
-0.000004
799
1
32602
-0.000000
1055
1
32602
-0.000000
2079
1
32764
-0.000004
2335
1
32602
-0.000000
2591
1
32602
-0.000000
2847
1
32602
-0.000000
3103
1
32602
-0.000000
3359
1
32602
-0.000000
3615
1
32764
0.000000
3871
1
32602
-0.000000
47
1
32764
-0.000004
559
1
32602
-0.000000
815
1
32602
-0.000000
1071
1
32764
0.000000
1327
1
32602
-0.000000
1583
1
32764
-0.000004
2095
1
32602
-0.000000
2351
1
32602
-0.000000
2607
1
32764
0.000000
2863
1
32602
-0.000000
3119
1
32764
-0.000004
3631
1
32602
-0.000000
3887
1
32602
-0.000000
63
1
32764
0.000000
319
1
32602
-0.000000
575
1
32764
-0.000004
831
1
32602
-0.000000
1087
1
32602
-0.000000
1343
1
32602
-0.000000
1599
1
32764
0.000000
1855
1
32602
-0.000000
2111
1
32764
-0.000004
2367
1
32602
-0.000000
2623
1
32602
-0.000000
2879
1
32602
-0.000000
3135
1
32764
0.000000
3391
1
32602
-0.000000
3647
1
32764
-0.000004
3903
1
32602
-0.000000
79
1
32602
-0.000000
335
1
32602
-0.000000
591
1
32764
0.000000
847
1
32602
-0.000000
1103
1
32764
-0.000004
1615
1
32602
-0.000000
1871
1
32602
-0.000000
2127
1
32764
0.000000
2383
1
32602
-0.000000
2639
1
32764
-0.000004
3151
1
32602
-0.000000
3407
1
32602
-0.000000
3663
1
32764
0.000000
3919
1
32602
-0.000000
95
1
32764
-0.000004
607
1
32602
-0.0000001

863
1
32602
-0.000000
1119
1
32764
0.000000
1375
1
32602
-0.000000
1631
1
32764
-0.000004
2143
1
32602
-0.000000
2399
1
32602
-0.000000
2655
1
9192901
0.000000
2911
1
32602
-0.000000
3167
1
32764
-0.000004
3935
1
32602
-0.000000
111
1
32602
-0.000000
367
1
32602
-0.000000
1647
1
32602
-0.000000
1903
1
32602
-0.000000
2159
1
32764
-0.000005
2415
1
32764
-0.000004
2671
1
32602
-0.000000
2927
1
32764
-0.000004
3183
1
32602
-0.000000
3695
1
32764
-0.000004
3951
1
32602
-0.000000
383
1
32602
-0.000000
639
1
32602
-0.000000
895
1
32602
-0.000000
1151
1
32602
-0.000000
1407
1
32602
-0.000000
1663
1
1
0.000000
1919
1
1
0.000000
2431
1
32764
-0.000004
2687
1
32764
-0.000004
2943
1
32602
-0.000000
3455
1
32602
-0.000000
3711
1
32602
-0.000000
3967
1
32602
-0.000000
399
1
32602
-0.000000
655
1
32602
0.000000
1167
1
32602
0.000000
1423
1
32602
-0.000000
2703
1
32602
-0.000000
2959
1
32602
-0.000000
3471
1
32764
-0.000004
3727
1
32602
-0.000000
3983
1
32764
-0.000004
159
1
32602
-0.000000
671
1
32764
-0.000004
927
1
32764
-0.000004
1439
1
32602
-0.000000
1695
1
32602
-0.000000
2719
1
32602
-0.000000
2975
1
32602
-0.000000
3231
1
32602
-0.000000
3487
1
32764
-0.000004
3743
1
32602
-0.000000
3999
1
32764
-0.000004
175
1
32602
-0.000000
687
1
32764
-0.000004
943
1
32602
-0.000000
1455
1
32602
-0.000000
1711
1
32602
-0.000000
2223
1
32602
-0.000000
2735
1
1
0.000000
2991
1
1
0.000000
3503
1
32764
-0.000004
3759
1
32764
-0.000004
4015
1
32602
-0.000000
447
1
32602
-0.000000
703
1
32602
-0.000000
959
1
32602
-0.000000
1471
1
32602
-0.000000
1727
1
32602
0.000000
2495
1
32602
-0.000000
2751
1
32602
-0.000000
3007
1
32602
-0.000000
3519
1
32602
-0.000000
4031
1
32602
-0.000000
207
1
32764
-0.000004
463
1
32764
-0.000004
1487
1
32602
-0.000000
1743
1
32602
-0.000000
1999
1
32602
-0.000000
2511
1
32602
-0.000000
2767
1
32602
-0.000000
3023
1
32602
-0.000000
3279
1
32602
-0.000000
3535
1
32602
-0.000000
3791
1
32602
-0.000000
4047
1
32764
-0.000004
223
1
32602
-0.000000
735
1
16
0.000000
1503
1
32764
-0.000004
1759
1
32764
-0.000004
2271
1
32764
-0.000004
2783
1
32764
-0.000004
3295
1
32602
-0.000000
3807
1
32764
-0.000004
751
1
32764
-0.000004
2031
1
32602
-0.000000
2543
1
32764
-0.000004
511
1
1
0.000000
2047
1
32602
-0.000000
3327
1
32764
0.000000
